     0/299      7.2G      3.98      3.55         0      7.53        14       512         0         0    0.0133         0      4.54      1.94         0
     1/299     6.96G      2.76      2.08         0      4.84        15       512     0.638    0.0694     0.284     0.125      3.76      1.29         0
     2/299     6.96G      2.62      1.62         0      4.24        14       512     0.424     0.554     0.481      0.48      3.44      1.13         0
     3/299     6.96G      2.43      1.46         0      3.89        12       512     0.485     0.653      0.58     0.557      3.12     0.957         0
     4/299     6.96G       2.4       1.3         0      3.69        14       512     0.844     0.458     0.652     0.593      3.05     0.995         0
     5/299     6.96G      2.22      1.29         0      3.51        13       512     0.953     0.243     0.569     0.387      3.25       1.2         0
     6/299     6.96G      2.45      1.28         0      3.73        12       512     0.765     0.276     0.354     0.405      3.79      1.29         0
     7/299     6.96G      2.27      1.28         0      3.55        11       512    0.0137     0.389    0.0976    0.0265      6.84      3.86         0
     8/299     6.96G      2.07      1.21         0      3.28        15       512     0.797     0.631     0.721     0.704      2.84     0.895         0
     9/299     6.96G      2.21      1.18         0      3.39        15       512     0.826     0.653     0.708     0.729      3.13     0.807         0
    10/299     6.96G      1.98      1.11         0      3.09        11       512     0.876     0.389     0.632     0.539      2.79      1.05         0
    11/299     6.96G      2.18      1.09         0      3.26        11       512     0.585     0.584     0.573     0.585      3.16     0.922         0
    12/299     6.96G      2.07      1.08         0      3.15        13       512     0.825     0.596     0.677     0.692      2.96     0.877         0
    13/299     6.96G      1.83      1.06         0      2.89        14       512     0.852     0.677     0.715     0.754      3.04     0.751         0
    14/299     6.96G      1.98      1.02         0         3        12       512     0.936     0.638     0.785     0.759      2.76     0.825         0
    15/299     6.96G      1.74      0.93         0      2.67        17       512     0.957     0.622     0.796     0.754       2.7     0.785         0
    16/299     6.96G      1.71     0.971         0      2.68        13       512      0.92       0.7     0.779     0.795      2.88      0.73         0
    17/299     6.96G      1.66     0.958         0      2.62        13       512     0.961     0.587     0.757     0.729      2.77     0.802         0
    18/299     6.96G      1.67     0.927         0       2.6         9       512     0.941     0.593      0.75     0.727       2.8     0.781         0
    19/299     6.96G      1.62     0.902         0      2.52        12       512     0.955     0.624       0.8     0.754      2.64     0.801         0
    20/299     6.96G       1.6     0.872         0      2.47        15       512     0.914     0.712     0.788       0.8      2.96     0.699         0
    21/299     6.96G      1.55     0.846         0       2.4        14       512     0.908     0.604      0.73     0.725      2.81     0.751         0
    22/299     6.96G       1.9     0.852         0      2.75        12       512     0.904     0.795     0.824     0.846      2.67     0.693         0
    23/299     6.96G      1.57      0.84         0      2.41        14       512     0.919     0.735     0.829     0.817      2.69     0.703         0
    24/299     6.96G      1.66     0.863         0      2.53        14       512     0.871     0.812      0.83     0.841      2.73      0.65         0
    25/299     6.96G      1.67     0.847         0      2.51        13       512     0.923     0.661     0.781      0.77      2.67     0.756         0
    26/299     6.96G      1.45     0.781         0      2.23        10       512     0.901     0.793     0.831     0.843      2.68     0.644         0
    27/299     6.96G      1.65     0.819         0      2.47        10       512     0.945     0.712     0.817     0.812      2.55     0.725         0
    28/299     6.96G      1.56     0.791         0      2.35        12       512     0.937     0.701     0.777     0.802       2.7     0.732         0
    29/299     6.96G      1.56     0.813         0      2.37        12       512     0.957     0.652     0.773     0.776       2.7     0.804         0
    30/299     6.96G      1.58     0.771         0      2.35        16       512     0.946     0.591     0.737     0.728      2.76     0.779         0
    31/299     6.96G      1.73     0.799         0      2.52        14       512     0.905     0.779     0.813     0.837      2.71     0.689         0
    32/299     6.96G      1.46     0.747         0       2.2        14       512     0.945     0.751     0.841     0.837      2.71     0.688         0
    33/299     6.96G      1.42     0.754         0      2.17        16       512     0.953     0.752     0.848     0.841      2.63     0.691         0
    34/299     6.96G      1.41     0.757         0      2.17        16       512      0.91     0.794     0.828     0.848      2.76     0.635         0
    35/299     6.96G      1.26     0.736         0      1.99        14       512     0.854     0.832     0.862     0.843      2.58     0.632         0
    36/299     6.96G      1.56     0.724         0      2.29        13       512     0.949     0.771     0.853     0.851      2.53     0.678         0
    37/299     6.96G      1.31     0.703         0      2.01        17       512     0.923     0.773     0.848     0.842      2.64     0.681         0
    38/299     6.96G      1.32     0.742         0      2.06        13       512     0.956     0.768     0.859     0.852       2.6     0.686         0
    39/299     6.96G       1.4     0.718         0      2.12         9       512      0.93     0.734     0.818      0.82      2.49      0.77         0
    40/299     6.96G      1.23     0.706         0      1.94        11       512     0.882     0.763      0.81     0.818      2.71     0.687         0
    41/299     6.96G      1.32     0.685         0      2.01        12       512     0.946     0.724     0.832      0.82      2.59      0.73         0
    42/299     6.96G      1.28     0.687         0      1.97        15       512     0.952     0.706     0.814     0.811      2.64      0.77         0
    43/299     6.96G      1.28     0.735         0      2.02        14       512     0.962     0.691     0.798     0.804      2.68     0.765         0
    44/299     6.96G      1.41     0.725         0      2.13        11       512     0.947     0.703     0.784     0.807      2.69     0.764         0
    45/299     6.96G      1.31     0.688         0         2        14       512     0.944     0.737     0.837     0.828      2.56     0.751         0
    46/299     6.96G      1.29     0.686         0      1.98        13       512     0.952     0.675     0.793      0.79      2.66     0.814         0
    47/299     6.96G       1.1     0.661         0      1.76        14       512     0.894     0.757     0.828      0.82      2.62     0.684         0
    48/299     6.96G      1.37     0.659         0      2.03        14       512     0.924     0.763     0.839     0.836      2.58     0.743         0
    49/299     6.96G      1.25     0.656         0      1.91        13       512     0.958     0.717     0.847      0.82      2.49     0.789         0
    50/299     6.96G      1.07     0.651         0      1.72        13       512     0.951     0.726     0.833     0.824      2.54     0.755         0
    51/299     6.96G      1.34      0.61         0      1.95        14       512     0.961      0.58     0.771     0.723       2.6     0.867         0
    52/299     6.96G      1.21     0.656         0      1.87        10       512     0.938     0.629     0.765     0.753      2.65     0.836         0
    53/299     6.96G      1.41     0.624         0      2.04        15       512     0.941     0.748      0.81     0.833       2.6     0.733         0
    54/299     6.96G      1.21     0.624         0      1.83        14       512     0.934     0.694     0.793     0.796      2.64     0.808         0
    55/299     6.96G      1.21     0.655         0      1.87        14       512     0.966     0.617     0.785     0.753      2.62     0.861         0
    56/299     6.96G      1.22     0.645         0      1.86        14       512     0.958     0.773     0.843     0.856      2.56     0.739         0
    57/299     6.96G      1.17     0.639         0      1.81        13       512     0.948     0.805     0.841      0.87      2.57     0.687         0
    58/299     6.96G      1.18     0.604         0      1.78        12       512     0.946     0.727     0.832     0.822      2.58     0.746         0
    59/299     6.96G      1.33     0.604         0      1.94        11       512     0.948     0.609     0.801     0.742      2.58     0.872         0
    60/299     6.96G      1.35     0.626         0      1.98        11       512     0.941      0.78     0.849     0.853      2.55     0.734         0
    61/299     6.96G      1.37     0.637         0      2.01        12       512     0.954     0.659     0.808     0.779      2.58     0.894         0
    62/299     6.96G      1.44     0.626         0      2.06        12       512      0.94     0.708     0.791     0.808      2.71      0.77         0
    63/299     6.96G      1.11      0.64         0      1.75        15       512     0.938      0.74      0.81     0.827      2.66     0.736         0
    64/299     6.96G      1.11     0.605         0      1.71        12       512      0.96     0.668     0.795     0.788       2.7     0.798         0
    65/299     6.96G      1.07     0.583         0      1.65        14       512     0.941      0.73     0.836     0.822      2.57     0.761         0
    66/299     6.96G      1.15     0.573         0      1.72        12       512     0.931     0.728     0.835     0.817      2.56     0.766         0
    67/299     6.96G      1.22     0.564         0      1.79        16       512     0.936     0.775     0.855     0.848      2.53     0.726         0
    68/299     6.96G      1.46     0.583         0      2.05        13       512      0.95      0.67      0.81     0.786      2.55     0.863         0
    69/299     6.96G       1.1     0.586         0      1.68        14       512     0.934     0.723     0.825     0.815      2.64     0.776         0
    70/299     6.96G     0.961     0.568         0      1.53        12       512     0.923     0.738     0.832      0.82      2.69     0.782         0
    71/299     6.96G      0.99     0.603         0      1.59        14       512     0.955     0.707     0.806     0.813       2.7     0.811         0
    72/299     6.96G      1.08     0.564         0      1.65        15       512     0.962     0.646      0.77     0.773      2.58     0.918         0
    73/299     6.96G      1.05     0.552         0       1.6        12       512     0.921     0.713     0.802     0.804      2.76     0.737         0
    74/299     6.96G      1.03     0.571         0       1.6        16       512     0.944     0.695     0.797     0.801      2.72     0.785         0
    75/299     6.96G      1.19     0.555         0      1.74        13       512      0.94     0.653     0.751      0.77      2.83     0.821         0
    76/299     6.96G      1.22     0.583         0       1.8        13       512     0.938     0.712     0.797      0.81      2.64     0.762         0
    77/299     6.96G      1.25     0.575         0      1.83        13       512     0.924     0.748      0.82     0.827      2.63     0.702         0
    78/299     6.96G       1.1     0.525         0      1.62        15       512     0.965     0.659     0.813     0.783      2.51     0.875         0
    79/299     6.96G      1.05     0.555         0       1.6        13       512     0.945     0.684      0.79     0.794      2.66     0.822         0
    80/299     6.96G      1.07     0.564         0      1.63        13       512     0.945     0.716     0.813     0.815       2.7     0.768         0
    81/299     6.96G       1.1     0.531         0      1.63        13       512     0.928     0.702     0.793       0.8       2.7     0.791         0
    82/299     6.96G      1.06     0.555         0      1.62        16       512     0.946      0.59     0.746     0.727      2.66     0.967         0
    83/299     6.96G      1.14     0.529         0      1.67        15       512     0.942     0.706     0.809     0.807      2.62     0.802         0
    84/299     6.96G      1.16     0.527         0      1.69        14       512     0.944     0.626     0.786     0.753       2.6     0.883         0
    85/299     6.96G     0.977     0.537         0      1.51        14       512     0.948     0.644     0.799     0.767       2.6     0.864         0
    86/299     6.96G      1.04     0.548         0      1.58        12       512     0.962     0.601     0.743      0.74      2.58         1         0
    87/299     6.96G      1.06     0.496         0      1.56        12       512     0.957     0.658     0.785      0.78      2.55      0.95         0
    88/299     6.96G      1.14      0.51         0      1.64        11       512     0.943     0.615     0.779     0.744      2.62     0.975         0
    89/299     6.96G      1.07     0.491         0      1.56        12       512     0.952     0.667     0.752     0.784      2.64     0.964         0
    90/299     6.96G     0.971     0.529         0       1.5        14       512      0.95     0.714     0.786     0.816      2.65     0.825         0
    91/299     6.96G     0.988       0.5         0      1.49        12       512     0.959     0.601     0.731     0.739      2.71     0.964         0
    92/299     6.96G      1.13     0.501         0      1.63        14       512     0.962     0.596     0.735     0.736      2.66      1.01         0
    93/299     6.96G     0.979     0.514         0      1.49        14       512     0.976     0.649     0.795      0.78      2.54     0.972         0
    94/299     6.96G      1.12     0.512         0      1.63        12       512     0.958     0.631     0.741     0.761      2.72     0.992         0
    95/299     6.96G     0.968     0.533         0       1.5        15       512     0.967     0.584     0.723     0.729      2.86     0.953         0
    96/299     6.96G      1.05     0.523         0      1.58        10       512     0.951     0.611     0.719     0.744       2.8      0.92         0
    97/299     6.96G     0.973     0.533         0      1.51        13       512     0.951     0.694     0.778     0.803       2.7      0.84         0
    98/299     6.96G      1.05     0.517         0      1.57        10       512     0.947     0.668     0.756     0.784       2.7     0.896         0
    99/299     6.96G     0.866     0.475         0      1.34        14       512     0.944     0.661     0.774     0.778      2.68     0.867         0
   100/299     6.96G     0.803      0.49         0      1.29        15       512      0.93     0.709     0.803     0.805      2.73     0.798         0
   101/299     6.96G      1.15     0.489         0      1.64        11       512     0.943     0.698     0.788     0.802       2.6     0.869         0
   102/299     6.96G      1.26      0.49         0      1.75        15       512     0.937     0.672     0.758     0.782      2.67     0.898         0
   103/299     6.96G      1.01      0.47         0      1.48         9       512     0.938     0.625     0.705      0.75      2.86     0.917         0
   104/299     6.96G      0.93     0.479         0      1.41        15       512     0.944     0.671     0.754     0.784       2.7     0.928         0
   105/299     6.96G     0.913     0.477         0      1.39        12       512     0.917     0.712     0.799     0.802      2.61     0.841         0
   106/299     6.96G     0.975     0.501         0      1.48        15       512     0.922     0.671     0.778     0.777      2.65     0.879         0
   107/299     6.96G     0.982     0.483         0      1.46        10       512     0.952     0.468     0.661     0.627       2.7      1.15         0
   108/299     6.96G     0.957     0.501         0      1.46        14       512     0.955     0.581     0.706     0.722      2.81      0.98         0
   109/299     6.96G     0.957     0.455         0      1.41        14       512     0.959     0.639      0.75     0.767       2.7     0.926         0
   110/299     6.96G     0.746     0.494         0      1.24        11       512     0.962     0.607     0.763     0.745      2.59      1.03         0
   111/299     6.96G       1.2     0.479         0      1.67        11       512     0.958     0.602      0.73     0.739       2.6      1.01         0
   112/299     6.96G     0.893     0.488         0      1.38        16       512      0.95     0.669     0.778     0.785      2.62     0.892         0
   113/299     6.96G     0.945      0.48         0      1.43        13       512     0.949     0.702     0.785     0.807      2.55     0.922         0
   114/299     6.96G      1.06      0.46         0      1.52        11       512     0.947     0.629     0.757     0.755      2.61      1.02         0
   115/299     6.96G     0.993      0.51         0       1.5        16       512      0.95     0.712     0.813     0.814      2.49     0.859         0
   116/299     6.96G      1.29     0.469         0      1.76        11       512     0.936     0.645     0.764     0.764      2.58     0.956         0
   117/299     6.96G     0.928     0.462         0      1.39        18       512      0.93     0.602     0.737     0.731      2.69      1.06         0
   118/299     6.96G     0.934     0.454         0      1.39        11       512     0.951     0.614     0.743     0.746      2.74     0.969         0
   119/299     6.96G     0.764     0.437         0       1.2        13       512     0.953     0.637     0.733     0.764      2.84     0.934         0
   120/299     6.96G     0.786      0.44         0      1.23        11       512     0.963     0.571     0.708     0.717       2.8      1.04         0
   121/299     6.96G      1.08     0.458         0      1.54        14       512     0.947     0.663     0.777      0.78      2.72     0.888         0
   122/299     6.96G     0.907     0.448         0      1.36        12       512     0.955     0.634     0.768     0.762      2.66     0.917         0
   123/299     6.96G     0.922     0.461         0      1.38        14       512     0.957     0.611     0.781     0.746      2.61     0.948         0
   124/299     6.96G     0.834      0.46         0      1.29        13       512     0.968     0.605     0.766     0.745      2.71     0.983         0
   125/299     6.96G     0.913     0.448         0      1.36        15       512     0.975     0.543     0.736     0.698      2.63      1.12         0
   126/299     6.96G     0.723     0.447         0      1.17        12       512     0.975     0.466     0.682      0.63      2.69      1.24         0
   127/299     6.96G     0.811     0.461         0      1.27         9       512      0.96     0.566     0.735     0.712      2.69      1.06         0
   128/299     6.96G     0.953     0.431         0      1.38        13       512     0.957     0.572     0.744     0.716      2.66      1.04         0
   129/299     6.96G     0.754     0.424         0      1.18        17       512     0.954     0.576     0.741     0.719      2.62      1.05         0
   130/299     6.96G     0.837     0.417         0      1.25        13       512     0.955     0.669     0.781     0.787      2.63     0.968         0
   131/299     6.96G      0.89     0.435         0      1.32        17       512     0.976     0.564     0.727     0.715      2.71      1.07         0
   132/299     6.96G      1.11     0.457         0      1.57        12       512     0.958     0.545     0.731     0.695      2.69      1.06         0
   133/299     6.96G     0.873     0.429         0       1.3         9       512     0.958     0.583     0.733     0.725      2.66      1.02         0
   134/299     6.96G     0.934     0.408         0      1.34        14       512     0.955     0.664      0.77     0.784      2.58     0.963         0
   135/299     6.96G      1.09     0.435         0      1.52        14       512     0.961     0.637     0.776     0.766      2.46      1.01         0
   136/299     6.96G      1.01     0.435         0      1.44        14       512     0.955     0.586     0.764     0.726      2.45      1.12         0
   137/299     6.96G     0.857     0.441         0       1.3        12       512     0.952     0.552     0.711     0.699      2.48      1.24         0
   138/299     6.96G     0.654     0.435         0      1.09        15       512     0.955     0.457     0.662     0.618      2.58      1.32         0
   139/299     6.96G      1.14      0.43         0      1.57        12       512     0.972     0.417     0.632     0.583      2.48      1.46         0
   140/299     6.96G     0.858     0.416         0      1.27        11       512     0.971     0.455     0.694     0.619      2.57      1.29         0
   141/299     6.96G     0.777      0.42         0       1.2        15       512      0.96      0.52     0.719     0.675      2.68       1.1         0
   142/299     6.96G     0.759     0.408         0      1.17        13       512     0.951     0.541     0.723     0.689      2.57      1.15         0
   143/299     6.96G     0.913     0.425         0      1.34        15       512     0.962     0.594     0.743     0.735      2.54      1.06         0
   144/299     6.96G     0.908     0.408         0      1.32        11       512     0.959     0.595     0.766     0.734      2.54      1.07         0
   145/299     6.96G     0.911     0.392         0       1.3        13       512     0.958       0.6     0.751     0.738      2.61      1.01         0
   146/299     6.96G      1.03     0.416         0      1.45        12       512     0.944       0.6      0.74     0.733      2.62      1.01         0
   147/299     6.96G     0.828     0.392         0      1.22        10       512      0.95     0.554     0.705       0.7      2.62      1.15         0
   148/299     6.96G     0.772     0.423         0      1.19        11       512     0.954     0.566     0.699     0.711      2.62      1.13         0
   149/299     6.96G      1.03      0.39         0      1.42        13       512     0.947      0.63     0.752     0.756      2.61     0.994         0
   150/299     6.96G     0.752     0.388         0      1.14        14       512     0.949     0.626     0.756     0.754      2.66      1.01         0
   151/299     6.96G      0.69     0.438         0      1.13        16       512     0.948     0.579     0.742     0.719      2.64      1.05         0
   152/299     6.96G     0.799     0.413         0      1.21        14       512     0.974     0.518     0.706     0.676      2.54      1.29         0
   153/299     6.96G     0.901     0.403         0       1.3        17       512      0.96     0.519       0.7     0.674       2.6      1.26         0
   154/299     6.96G     0.805      0.39         0      1.19        14       512     0.961     0.528     0.704     0.681      2.63       1.2         0
   155/299     6.96G     0.948     0.404         0      1.35        13       512     0.964     0.521     0.693     0.677       2.7      1.16         0
   156/299     6.96G     0.875     0.372         0      1.25        13       512     0.969     0.561     0.716     0.711      2.65      1.14         0
   157/299     6.96G     0.792     0.381         0      1.17        16       512     0.967     0.578     0.716     0.724      2.66      1.12         0
   158/299     6.96G     0.808     0.386         0      1.19        11       512     0.964     0.585     0.719     0.728      2.65      1.12         0
   159/299     6.96G     0.704     0.386         0      1.09        13       512     0.955      0.59     0.741      0.73       2.6      1.13         0
   160/299     6.96G     0.805     0.401         0      1.21        12       512     0.962     0.601     0.737      0.74      2.64       1.1         0
   161/299     6.96G     0.643     0.367         0      1.01        16       512     0.971     0.593     0.737     0.737      2.68      1.12         0
   162/299     6.96G     0.667     0.389         0      1.06        12       512     0.969     0.546     0.724     0.699      2.71      1.16         0
   163/299     6.96G     0.639     0.384         0      1.02        10       512      0.97     0.514     0.689     0.672      2.79      1.19         0
   164/299     6.96G     0.778     0.384         0      1.16        15       512     0.969     0.561     0.712     0.711      2.65      1.21         0
   165/299     6.96G     0.929     0.348         0      1.28        12       512      0.97     0.574     0.707     0.721      2.69      1.18         0
   166/299     6.96G     0.758     0.377         0      1.13        13       512     0.949     0.591     0.718     0.728       2.7      1.14         0
   167/299     6.96G     0.628     0.376         0         1        13       512     0.956     0.558     0.687     0.704      2.71      1.19         0
   168/299     6.96G      0.85     0.353         0       1.2        11       512     0.948     0.607     0.737      0.74      2.67      1.09         0
   169/299     6.96G     0.616     0.346         0     0.961        12       512     0.962     0.572     0.716     0.717      2.77       1.1         0
   170/299     6.96G     0.899     0.361         0      1.26        12       512     0.964     0.532     0.677     0.686      2.79      1.22         0
   171/299     6.96G     0.832     0.366         0       1.2        15       512      0.95     0.558     0.694     0.703      2.71      1.16         0
   172/299     6.96G     0.761     0.371         0      1.13        14       512     0.954     0.577     0.711     0.719      2.57      1.16         0
   173/299     6.96G     0.745      0.37         0      1.12        15       512     0.963      0.52     0.687     0.676      2.62      1.24         0
   174/299     6.96G      0.67     0.336         0      1.01        14       512     0.971     0.477     0.656      0.64      2.62       1.4         0
   175/299     6.96G     0.751     0.371         0      1.12        14       512     0.968     0.532     0.683     0.687      2.58      1.31         0
   176/299     6.96G     0.815      0.38         0      1.19        11       512     0.963     0.568     0.685     0.714      2.64      1.22         0
   177/299     6.96G     0.602     0.377         0     0.979        13       512     0.967     0.513     0.658      0.67      2.69      1.35         0
   178/299     6.96G      0.62     0.377         0     0.997        16       512     0.966     0.498     0.664     0.657      2.73       1.3         0
   179/299     6.96G      0.67     0.357         0      1.03        13       512     0.961     0.533     0.695     0.686      2.68       1.2         0
   180/299     6.96G     0.586     0.372         0     0.959        12       512     0.965     0.537     0.694      0.69      2.65      1.18         0
   181/299     6.96G     0.935     0.327         0      1.26        12       512     0.973     0.497     0.676     0.658      2.68      1.26         0
   182/299     6.96G     0.774     0.346         0      1.12        15       512     0.973     0.506     0.684     0.666      2.67       1.3         0
   183/299     6.96G     0.581     0.336         0     0.917        13       512     0.978     0.432     0.652     0.599      2.68      1.39         0
   184/299     6.96G     0.656     0.343         0     0.999        10       512     0.965     0.484     0.663     0.644      2.76      1.29         0
   185/299     6.96G     0.926     0.331         0      1.26        12       512     0.976     0.473     0.657     0.637      2.73      1.27         0
   186/299     6.96G     0.703     0.338         0      1.04        14       512     0.969     0.488      0.66     0.649      2.72      1.27         0
   187/299     6.96G     0.556      0.35         0     0.905        14       512     0.967     0.466     0.659     0.629      2.73      1.31         0
   188/299     6.96G     0.623     0.331         0     0.955        13       512     0.971     0.519     0.684     0.676      2.66      1.26         0
   189/299     6.96G     0.566     0.353         0     0.919        10       512     0.963     0.566     0.708     0.713      2.59      1.17         0
   190/299     6.96G     0.563     0.319         0     0.882        12       512     0.964     0.529     0.681     0.683      2.71      1.21         0
   191/299     6.96G     0.716     0.335         0      1.05        16       512     0.976     0.472     0.657     0.637      2.65      1.35         0
   192/299     6.96G     0.555     0.325         0      0.88        15       512     0.967     0.525      0.69     0.681      2.66      1.29         0
   193/299     6.96G     0.699     0.334         0      1.03        13       512     0.959      0.56     0.714     0.707      2.69      1.24         0
   194/299     6.96G     0.535     0.316         0     0.852        15       512     0.961     0.541     0.705     0.692      2.74      1.23         0
   195/299     6.96G     0.634      0.33         0     0.964        11       512     0.966     0.499     0.674     0.658      2.65      1.31         0
   196/299     6.96G     0.761     0.338         0       1.1        13       512     0.963     0.559     0.701     0.707      2.74      1.19         0
   197/299     6.96G     0.764     0.313         0      1.08        13       512     0.961     0.579     0.715     0.723      2.71      1.17         0
   198/299     6.96G     0.826     0.321         0      1.15        12       512     0.964     0.589     0.743     0.731      2.64      1.15         0
   199/299     6.96G     0.493     0.322         0     0.815        13       512     0.962     0.611     0.754     0.748       2.6      1.17         0
   200/299     6.96G     0.745      0.31         0      1.05        12       512     0.969     0.614     0.746     0.752      2.62      1.18         0
   201/299     6.96G     0.623     0.324         0     0.947        13       512     0.968     0.593     0.736     0.736      2.58      1.22         0
   202/299     6.96G      0.67     0.343         0      1.01        10       512     0.972     0.557     0.712     0.708      2.55      1.27         0
   203/299     6.96G     0.682     0.326         0      1.01        14       512     0.975     0.543     0.708     0.698      2.61      1.31         0
   204/299     6.96G     0.818      0.33         0      1.15        11       512     0.975     0.544     0.702     0.699      2.63      1.32         0
   205/299     6.96G     0.802     0.331         0      1.13        15       512     0.978     0.532     0.682     0.689      2.63      1.32         0
   206/299     6.96G      0.65     0.304         0     0.954        16       512     0.981      0.52     0.698      0.68      2.61      1.32         0
   207/299     6.96G     0.886      0.33         0      1.22        14       512     0.981     0.521     0.682     0.681      2.71       1.3         0
   208/299     6.96G     0.643     0.318         0     0.961        11       512     0.982     0.534     0.683     0.692      2.64      1.29         0
   209/299     6.96G     0.587     0.307         0     0.894        15       512     0.979     0.556     0.718     0.709      2.63      1.23         0
   210/299     6.96G     0.529     0.332         0     0.861        13       512     0.972     0.546     0.709     0.699      2.64      1.29         0
   211/299     6.96G      0.87     0.277         0      1.15        14       512     0.973     0.501     0.675     0.661      2.61      1.38         0
   212/299     6.96G      0.75     0.325         0      1.08        14       512     0.972     0.549     0.703     0.702      2.66      1.28         0
   213/299     6.96G     0.582     0.307         0      0.89        13       512     0.964     0.573      0.72     0.719      2.66      1.23         0
   214/299     6.96G     0.771     0.311         0      1.08        16       512     0.966     0.569     0.719     0.716      2.65      1.23         0
   215/299     6.96G     0.777      0.31         0      1.09        13       512     0.963     0.567     0.735     0.714       2.6      1.24         0
   216/299     6.96G     0.645     0.326         0     0.972        15       512     0.972     0.543     0.721     0.697      2.61      1.29         0
   217/299     6.96G     0.925     0.281         0      1.21        12       512     0.981     0.505     0.681     0.666      2.61      1.37         0
   218/299     6.96G     0.693     0.303         0     0.996        13       512     0.984     0.483     0.659     0.648      2.62      1.41         0
   219/299     6.96G     0.646     0.307         0     0.953         7       512      0.98     0.472     0.657     0.637      2.61      1.45         0
   220/299     6.96G     0.645     0.313         0     0.958        12       512     0.979     0.465      0.67      0.63      2.57      1.45         0
   221/299     6.96G     0.584     0.299         0     0.883        12       512      0.98      0.49     0.694     0.654      2.56      1.41         0
   222/299     6.96G     0.416     0.299         0     0.715         7       512     0.977     0.504     0.698     0.665       2.6      1.37         0
   223/299     6.96G     0.639     0.298         0     0.937        14       512     0.983     0.469     0.679     0.635      2.64      1.44         0
   224/299     6.96G     0.687     0.294         0     0.981        16       512     0.982     0.435     0.633     0.603       2.6      1.55         0
   225/299     6.96G     0.389     0.274         0     0.663        14       512     0.982      0.44     0.653     0.607       2.6      1.52         0
   226/299     6.96G     0.548      0.28         0     0.829        14       512     0.984     0.476     0.652     0.641      2.63      1.45         0
   227/299     6.96G     0.679     0.274         0     0.952        15       512     0.984      0.47     0.647     0.636      2.63      1.46         0
   228/299     6.96G     0.617     0.292         0     0.909        12       512     0.979     0.462      0.64     0.627      2.65      1.48         0
   229/299     6.96G     0.534     0.289         0     0.823        15       512     0.975     0.453      0.65     0.619      2.63      1.48         0
   230/299     6.96G     0.622     0.316         0     0.938        12       512     0.979     0.466     0.642     0.632      2.65      1.48         0
   231/299     6.96G     0.395     0.282         0     0.677        10       512     0.972     0.462     0.639     0.626      2.68      1.48         0
   232/299     6.96G     0.698     0.278         0     0.976        12       512     0.973     0.434     0.612       0.6      2.65      1.55         0
   233/299     6.96G     0.743     0.275         0      1.02        11       512     0.974      0.44     0.613     0.606      2.62      1.57         0
   234/299     6.96G     0.533     0.278         0     0.811        13       512     0.974     0.438     0.621     0.604      2.66      1.57         0
   235/299     6.96G     0.756     0.286         0      1.04        13       512     0.977     0.424      0.61     0.591      2.68      1.58         0
   236/299     6.96G     0.532     0.254         0     0.785        12       512     0.982     0.428     0.599     0.596      2.67      1.57         0
   237/299     6.96G     0.611      0.27         0     0.882        12       512     0.978     0.447     0.613     0.613      2.66      1.52         0
   238/299     6.96G     0.532     0.288         0      0.82        12       512     0.976     0.482     0.641     0.645      2.65      1.44         0
   239/299     6.96G     0.479     0.293         0     0.772        15       512     0.977     0.499     0.652      0.66      2.63      1.42         0
   240/299     6.96G     0.744     0.261         0         1        13       512     0.976     0.488     0.644     0.651      2.63      1.43         0
   241/299     6.96G     0.527      0.26         0     0.787        14       512      0.98     0.479     0.643     0.643      2.62      1.46         0
   242/299     6.96G     0.675     0.274         0     0.949        11       512     0.979     0.461     0.635     0.627      2.64      1.48         0
   243/299     6.96G     0.582     0.297         0     0.878        12       512     0.977     0.492      0.66     0.654      2.64      1.44         0
   244/299     6.96G     0.587     0.255         0     0.842        11       512     0.973     0.498     0.662     0.659      2.65      1.42         0
   245/299     6.96G     0.586     0.267         0     0.852        12       512     0.974     0.509     0.662     0.668      2.69      1.39         0
   246/299     6.96G     0.438     0.261         0     0.698        13       512     0.976     0.477      0.65      0.64      2.73      1.42         0
   247/299     6.96G     0.653     0.272         0     0.926         9       512     0.975     0.457     0.632     0.622      2.73      1.46         0
   248/299     6.96G     0.669     0.259         0     0.928        14       512     0.978     0.447     0.623     0.614       2.7      1.51         0
   249/299     6.96G     0.725     0.281         0      1.01        12       512     0.978     0.444     0.623      0.61      2.71       1.5         0
   250/299     6.96G     0.367     0.275         0     0.642        12       512     0.978     0.443     0.631      0.61      2.75      1.47         0
   251/299     6.96G     0.507     0.287         0     0.794        14       512      0.98     0.482     0.658     0.646      2.73      1.41         0
   252/299     6.96G     0.554     0.254         0     0.809        18       512      0.98     0.484     0.658     0.648      2.69      1.42         0
   253/299     6.96G       0.5     0.245         0     0.745        11       512     0.984     0.474     0.643      0.64      2.67      1.46         0
   254/299     6.96G     0.631     0.269         0       0.9        17       512     0.983     0.456     0.642     0.623      2.66      1.48         0
   255/299     6.96G     0.362     0.251         0     0.613        12       512     0.984     0.478     0.669     0.643      2.65      1.43         0
   256/299     6.96G     0.698     0.237         0     0.935         8       512     0.978     0.515      0.68     0.675      2.67      1.38         0
   257/299     6.96G      0.43     0.271         0     0.701        15       512     0.971      0.53      0.69     0.686      2.65      1.37         0
   258/299     6.96G     0.483      0.24         0     0.723        11       512     0.971     0.524      0.69      0.68      2.66      1.37         0
   259/299     6.96G     0.625     0.262         0     0.886        16       512     0.977     0.513     0.689     0.673      2.66      1.37         0
   260/299     6.96G     0.413     0.252         0     0.665        10       512     0.978     0.519     0.688     0.678      2.64      1.36         0
   261/299     6.96G     0.419     0.264         0     0.682        13       512     0.971     0.523     0.688      0.68      2.66      1.35         0
   262/299     6.96G     0.436     0.263         0     0.699        14       512     0.969     0.513     0.677     0.671      2.68      1.38         0
   263/299     6.96G     0.505     0.255         0      0.76         9       512     0.969     0.497      0.66     0.657      2.69       1.4         0
   264/299     6.96G     0.647     0.262         0     0.909         9       512     0.973      0.49     0.667     0.651      2.68      1.41         0
   265/299     6.96G     0.492     0.266         0     0.758        14       512     0.976     0.483     0.661     0.646      2.68      1.43         0
   266/299     6.96G     0.491      0.26         0     0.751        12       512      0.98      0.48     0.661     0.644      2.67      1.43         0
   267/299     6.96G     0.763     0.255         0      1.02        11       512     0.983     0.479     0.661     0.644      2.67      1.42         0
   268/299     6.96G     0.639     0.264         0     0.904        15       512     0.976     0.482      0.67     0.645      2.66      1.42         0
   269/299     6.96G     0.467     0.226         0     0.694        12       512     0.973     0.499     0.677      0.66      2.66      1.41         0
   270/299     6.96G     0.647      0.28         0     0.926        11       512     0.984     0.492     0.668     0.656      2.65      1.42         0
   271/299     6.96G     0.539     0.257         0     0.796        14       512     0.984     0.489     0.668     0.653      2.63      1.44         0
   272/299     6.96G     0.404      0.26         0     0.664        15       512      0.98     0.482     0.659     0.646      2.64      1.43         0
   273/299     6.96G     0.468     0.242         0     0.709        15       512     0.976     0.484     0.668     0.647      2.64      1.42         0
   274/299     6.96G     0.327     0.245         0     0.572        11       512     0.977     0.499     0.669      0.66      2.65      1.42         0
   275/299     6.96G     0.634     0.245         0     0.878        15       512     0.973     0.502     0.678     0.662      2.63      1.41         0
   276/299     6.96G     0.688     0.254         0     0.942        15       512     0.977     0.496     0.669     0.658      2.66      1.41         0
   277/299     6.96G     0.813      0.24         0      1.05        10       512     0.977     0.502     0.669     0.663      2.64      1.41         0
   278/299     6.96G     0.491     0.247         0     0.738        15       512     0.977     0.503     0.663     0.665      2.65      1.42         0
   279/299     6.96G     0.535     0.241         0     0.776        12       512     0.977     0.502     0.669     0.663      2.65      1.43         0
   280/299     6.96G     0.615     0.243         0     0.858        10       512     0.977     0.498     0.661     0.659      2.64      1.45         0
   281/299     6.96G     0.529     0.234         0     0.763        12       512     0.973     0.494     0.652     0.655      2.63      1.47         0
   282/299     6.96G     0.465     0.225         0     0.691        12       512     0.977     0.492     0.651     0.654      2.64      1.48         0
   283/299     6.96G     0.335     0.246         0     0.581        16       512     0.976     0.491     0.656     0.654      2.65      1.48         0
   284/299     6.96G     0.691     0.265         0     0.956        14       512     0.972     0.486     0.658     0.648      2.65      1.48         0
   285/299     6.96G     0.463     0.242         0     0.705        13       512     0.973     0.491     0.658     0.653      2.64      1.47         0
   286/299     6.96G     0.418     0.229         0     0.647        13       512     0.969     0.491     0.665     0.652      2.64      1.45         0
   287/299     6.96G     0.465     0.241         0     0.706        16       512     0.973     0.494     0.658     0.655      2.63      1.47         0
   288/299     6.96G      0.61     0.248         0     0.858        15       512     0.972     0.485     0.657     0.648      2.63      1.49         0
   289/299     6.96G     0.745     0.238         0     0.984        13       512     0.972     0.483     0.649     0.646      2.62       1.5         0
   290/299     6.96G     0.466     0.249         0     0.715        15       512     0.973     0.494     0.658     0.655      2.62      1.48         0
   291/299     6.96G     0.681      0.26         0     0.941        18       512     0.973     0.493     0.666     0.655      2.62      1.47         0
   292/299     6.96G     0.458     0.231         0     0.689        13       512     0.973     0.497     0.667     0.658      2.62      1.46         0
   293/299     6.96G     0.685     0.259         0     0.944        16       512     0.971     0.497     0.667     0.657      2.61      1.44         0
   294/299     6.96G     0.534     0.239         0     0.773        11       512     0.973     0.509     0.676     0.668      2.61      1.43         0
   295/299     6.96G     0.404     0.248         0     0.652        14       512     0.967     0.515     0.678     0.672      2.62      1.41         0
   296/299     6.96G     0.477     0.245         0     0.722        11       512     0.967     0.517     0.678     0.673      2.62      1.42         0
   297/299     6.96G      0.47     0.256         0     0.726        13       512     0.968     0.519     0.679     0.675      2.62      1.41         0
   298/299     6.96G     0.398     0.238         0     0.636        10       512      0.97     0.517      0.68     0.675      2.63      1.43         0
   299/299     6.96G     0.596     0.241         0     0.837        14       512     0.971     0.522     0.679     0.679      2.63      1.42         0
